object Form1: TForm1
  Left = 0
  Top = 0
  Caption = 'X'
  ClientHeight = 480
  ClientWidth = 640
  FormFactor.Width = 320
  FormFactor.Height = 480
  FormFactor.Devices = [Desktop]
  DesignerMasterStyle = 0
  object Text1: TText
    Position.X = 152.000000000000000000
    Position.Y = 48.000000000000000000
    Size.Width = 321.000000000000000000
    Size.Height = 50.000000000000000000
    Size.PlatformDefault = False
  end
end
